75 16 57
73 8 65
74 8 57
76 8 49
77 8 41
98 44 11
165 92 9
166 80 9
167 72 9
171 80 25
170 80 25
23 172 169
195 180 29
194 180 21
196 172 29
193 172 21
192 156 25
191 162 9
190 148 9
185 132 21
173 88 49
172 80 41
106 72 49
105 72 41
104 64 41
169 72 25
168 64 21
99 56 9
100 56 17
101 56 25
102 56 33
103 56 41
107 56 49
108 48 51
109 56 57
110 56 65
111 48 63
112 48 73
86 40 73
87 40 63
88 40 51
89 44 43
90 44 35
91 44 27
92 32 25
97 32 17
96 24 17
95 16 17
94 16 25
93 24 25
79 32 41
78 24 45
80 32 49
81 32 57
82 32 65
83 32 73
84 32 81
65 24 89
63 32 97
64 32 89
85 40 83
115 48 83
199 180 45
198 172 45
197 172 37
200 180 37
201 188 41
220 228 21
221 236 21
219 228 29
218 236 29
217 236 37
216 228 37
215 228 45
214 236 45
213 236 53
212 228 53
211 228 61
210 236 61
209 236 69
208 236 77
251 236 85
255 236 101
254 236 93
253 228 93
252 228 85
207 228 77
206 228 69
205 220 73
204 212 65
203 204 57
202 196 49
142 180 61
143 180 53
144 172 53
179 132 61
116 56 89
114 56 81
113 56 73
177 132 81
178 140 65
145 172 61
146 172 69
141 180 69
140 180 77
139 180 85
149 148 85
148 164 81
147 172 77
138 172 85
137 172 93
136 172 101
155 124 101
151 124 93
150 124 85
176 124 77
175 124 69
180 124 61
181 124 53
182 124 45
183 124 37
184 124 29
186 124 21
189 136 9
188 128 9
187 120 9
164 104 17
163 104 25
162 104 33
161 104 41
160 104 49
174 104 57
159 104 65
158 104 73
157 104 81
156 104 89
118 104 97
119 104 105
152 124 109
135 172 109
267 180 109
266 180 101
265 180 93
264 188 93
263 196 101
256 228 101
257 228 109
248 252 101
247 260 109
249 260 93
222 252 21
223 260 29
224 260 37
225 260 45
226 260 53
227 260 61
228 260 69
229 260 77
250 260 85
246 268 97
244 276 93
245 276 85
230 276 77
231 276 69
232 276 61
233 276 53
234 284 53
235 284 61
236 284 69
237 284 77
238 284 85
239 284 93
243 276 101
240 284 101
242 280 109
241 288 109
1 288 129
279 280 133
2 270 133
278 260 129
277 252 125
258 228 117
268 180 117
271 204 145
18 156 145
17 164 145
19 148 145
129 140 137
128 132 137
123 104 137
41 56 129
43 40 121
39 56 145
38 56 153
37 56 161
36 56 169
35 64 165
34 64 157
33 80 157
32 90 165
124 104 145
29 104 153
30 104 161
31 104 169
28 116 161
27 124 169
26 132 169
25 140 169
21 148 169
24 156 169
22 164 169
131 156 137
132 164 137
15 188 145
8 228 161
270 196 145
133 172 125
154 124 117
121 104 121
60 56 105
117 56 97
61 48 99
62 40 99
58 40 113
57 32 113
59 56 113
120 104 113
153 124 125
134 172 117
269 180 125
262 204 109
261 212 117
260 220 125
259 228 125
276 246 141
3 256 141
275 236 145
274 228 145
273 220 145
272 212 145
20 140 145
127 132 145
126 124 145
125 116 145
122 104 129
40 56 137
46 40 145
47 40 153
48 40 161
49 40 169
50 32 169
51 32 161
52 32 153
53 32 145
54 32 137
45 40 137
44 40 129
55 32 129
56 32 121
67 16 109
68 8 109
69 8 97
70 8 89
71 8 81
72 8 73
66 16 97
42 56 121
130 148 137
16 172 145
13 188 169
14 196 161
12 196 169
11 204 169
10 212 169
9 220 169
7 228 169
6 236 169
5 246 157
4 256 157
0 288 149
75 16 57
