1000000 0.285714
2500000 1.6
5000000 0.914286
10000000 2.34286
15000000 3.51429
20000000 4.11429
25000000 4.97143
30000000 6.91429
40000000 7.51429
50000000 10.4
60000000 10.0857
70000000 10.5429
80000000 11.6857
90000000 13.4286
100000000 14.1143
110000000 13.7143
120000000 14.8286
130000000 15.5429
140000000 15.7714
150000000 16.6286
160000000 16.3143
170000000 17.7143
180000000 18.3143
190000000 17.6
200000000 18.9143
210000000 20.8571
220000000 19.4857
230000000 20.1714
240000000 19.6
250000000 22.5429
260000000 21
270000000 21
280000000 21.7143
290000000 21.4286
300000000 23.1429
