500 115.3
50500 8681.8999999999996
100500 18885.099999999999
150500 27363.700000000001
200500 38587.300000000003
250500 49368
300500 60524
350500 70646.100000000006
400500 83505
450500 92986.399999999994
500500 107123.2
550500 116761.39999999999
600500 128755.7
650500 138283.89999999999
700500 151419.89999999999
750500 160387.20000000001
800500 171874
850500 184275.10000000001
900500 201602.20000000001
950500 213185.20000000001
1000500 222000
1050500 231237.5
1100500 243993
1150500 259976.79999999999
1200500 270271.59999999998
