1 0
4000 50403.400000000001
8000 207496.60000000001
12000 485296.70000000001
16000 868404.30000000005
20000 1391952.7
24000 2009767.2
28000 2756549.1000000001
32000 3606939
36000 4603238.7999999998
40000 5726022.0999999996
44000 6938070.0999999996
48000 8294102.2999999998
52000 9722269.5999999996
56000 11298313.300000001
60000 13044836.300000001
64000 14883183.9
68000 16830861.800000001
72000 18977516.600000001
76000 21145872.600000001
80000 23507065.800000001
84000 25865241.100000001
88000 28396701
92000 31144964.300000001
96000 33815353.799999997
100000 36734749.100000001
